100 100 2454
0 1
0 7
0 9
0 24
0 33
0 34
0 36
0 37
0 38
0 39
0 40
0 46
0 52
0 54
0 56
0 61
0 63
0 64
0 72
0 78
0 79
0 84
0 86
0 94
0 97
0 98
1 4
1 11
1 13
1 20
1 28
1 31
1 33
1 38
1 53
1 58
1 59
1 62
1 63
1 64
1 65
1 66
1 70
1 75
1 81
1 85
1 94
1 97
1 98
2 0
2 5
2 8
2 9
2 19
2 22
2 23
2 24
2 26
2 33
2 54
2 56
2 62
2 65
2 68
2 69
2 70
2 73
2 74
2 75
2 81
2 82
2 85
2 92
2 94
2 99
3 0
3 1
3 2
3 7
3 8
3 10
3 11
3 14
3 21
3 22
3 37
3 44
3 47
3 53
3 54
3 55
3 56
3 57
3 59
3 61
3 63
3 64
3 71
3 74
3 85
3 87
3 88
3 90
3 95
4 10
4 15
4 23
4 27
4 38
4 40
4 44
4 46
4 47
4 49
4 51
4 52
4 55
4 59
4 63
4 70
4 71
4 73
4 75
4 78
4 83
4 86
4 90
4 96
4 98
4 99
5 3
5 10
5 14
5 31
5 32
5 40
5 48
5 51
5 52
5 55
5 56
5 58
5 60
5 61
5 73
5 83
5 84
5 85
5 87
5 90
5 93
5 94
5 95
5 96
6 5
6 6
6 8
6 11
6 14
6 15
6 25
6 26
6 31
6 33
6 36
6 40
6 42
6 49
6 53
6 54
6 57
6 58
6 59
6 60
6 61
6 64
6 65
6 75
6 91
6 92
6 99
7 3
7 11
7 12
7 17
7 42
7 44
7 50
7 51
7 57
7 58
7 66
7 76
7 79
7 82
7 88
7 91
7 97
8 3
8 4
8 7
8 11
8 15
8 17
8 23
8 28
8 31
8 34
8 35
8 41
8 43
8 46
8 61
8 66
8 73
8 81
8 86
8 87
8 89
8 93
8 95
8 97
9 1
9 4
9 5
9 6
9 15
9 18
9 20
9 28
9 29
9 32
9 33
9 34
9 42
9 43
9 48
9 53
9 56
9 57
9 63
9 64
9 70
9 75
9 76
9 81
9 82
9 83
9 93
9 96
9 99
10 2
10 3
10 4
10 14
10 15
10 18
10 19
10 20
10 22
10 25
10 28
10 30
10 40
10 43
10 44
10 52
10 57
10 59
10 66
10 74
10 78
10 89
10 92
10 97
10 99
11 9
11 15
11 17
11 20
11 23
11 32
11 33
11 34
11 37
11 47
11 49
11 52
11 53
11 59
11 61
11 63
11 72
11 73
11 74
11 77
11 80
11 86
11 96
12 3
12 4
12 12
12 22
12 33
12 36
12 39
12 40
12 42
12 47
12 60
12 64
12 67
12 75
12 76
12 80
12 86
12 89
12 92
12 99
13 3
13 4
13 5
13 8
13 10
13 11
13 14
13 15
13 17
13 21
13 23
13 26
13 31
13 39
13 40
13 41
13 45
13 46
13 58
13 59
13 62
13 66
13 71
13 76
13 77
13 85
13 91
14 3
14 17
14 20
14 22
14 23
14 25
14 27
14 41
14 46
14 53
14 54
14 64
14 77
14 81
14 86
14 87
15 1
15 7
15 9
15 10
15 13
15 17
15 19
15 22
15 30
15 31
15 36
15 38
15 39
15 41
15 48
15 56
15 58
15 60
15 61
15 63
15 68
15 69
15 76
15 81
15 83
15 95
15 97
15 98
16 4
16 9
16 10
16 11
16 15
16 18
16 20
16 21
16 26
16 27
16 39
16 42
16 46
16 58
16 60
16 63
16 66
16 68
16 69
16 71
16 73
16 76
16 78
16 79
16 80
16 82
16 83
16 85
16 90
16 92
16 96
16 97
16 99
17 9
17 12
17 14
17 15
17 25
17 32
17 34
17 40
17 44
17 49
17 51
17 59
17 63
17 66
17 67
17 76
17 77
17 84
17 89
17 92
17 98
17 99
18 8
18 14
18 15
18 31
18 34
18 36
18 37
18 44
18 50
18 54
18 57
18 69
18 71
18 73
18 80
18 83
18 86
18 89
18 96
19 0
19 3
19 9
19 16
19 18
19 21
19 23
19 26
19 27
19 31
19 32
19 40
19 47
19 51
19 53
19 56
19 57
19 62
19 71
19 80
19 82
19 90
19 92
19 94
19 98
20 3
20 12
20 16
20 18
20 21
20 22
20 24
20 32
20 36
20 40
20 41
20 44
20 48
20 52
20 61
20 63
20 65
20 69
20 71
20 79
20 86
20 98
20 99
21 3
21 11
21 20
21 29
21 53
21 54
21 55
21 69
21 72
21 77
21 80
21 88
21 89
21 91
21 96
21 98
22 4
22 8
22 10
22 16
22 18
22 21
22 25
22 26
22 34
22 38
22 48
22 54
22 55
22 56
22 57
22 58
22 61
22 63
22 66
22 72
22 76
22 81
22 93
22 94
22 96
22 99
23 1
23 3
23 7
23 8
23 10
23 15
23 16
23 20
23 23
23 30
23 31
23 33
23 41
23 43
23 50
23 52
23 60
23 61
23 62
23 63
23 67
23 75
23 78
23 82
23 87
23 88
23 91
23 92
23 97
24 6
24 14
24 21
24 28
24 29
24 35
24 37
24 38
24 52
24 56
24 64
24 66
24 70
24 71
24 74
24 75
24 83
24 84
24 85
24 93
24 94
24 98
25 1
25 2
25 4
25 12
25 13
25 16
25 19
25 21
25 22
25 24
25 25
25 29
25 36
25 40
25 46
25 48
25 51
25 53
25 55
25 57
25 62
25 63
25 65
25 67
25 77
25 78
25 89
25 94
26 4
26 6
26 17
26 21
26 22
26 28
26 29
26 32
26 36
26 37
26 43
26 44
26 46
26 47
26 50
26 51
26 52
26 54
26 64
26 74
26 77
26 78
26 79
26 84
26 88
26 92
26 98
27 3
27 20
27 22
27 27
27 39
27 42
27 43
27 50
27 58
27 62
27 64
27 69
27 73
27 79
27 89
27 94
27 97
28 1
28 6
28 12
28 17
28 19
28 47
28 52
28 53
28 54
28 57
28 59
28 61
28 63
28 64
28 66
28 69
28 77
28 80
28 96
29 0
29 7
29 10
29 15
29 17
29 18
29 22
29 23
29 25
29 31
29 32
29 41
29 50
29 53
29 64
29 68
29 73
29 83
29 84
29 87
29 92
29 96
29 98
30 3
30 5
30 19
30 24
30 26
30 28
30 29
30 32
30 41
30 43
30 47
30 52
30 64
30 66
30 67
30 79
30 95
31 0
31 1
31 6
31 10
31 12
31 13
31 18
31 19
31 20
31 21
31 22
31 34
31 36
31 39
31 40
31 41
31 43
31 50
31 52
31 57
31 59
31 61
31 63
31 77
31 78
31 82
31 86
31 87
31 91
31 93
31 96
32 5
32 10
32 11
32 13
32 18
32 21
32 31
32 32
32 39
32 50
32 54
32 57
32 76
32 85
32 88
32 92
33 0
33 2
33 4
33 22
33 23
33 27
33 29
33 33
33 34
33 35
33 41
33 51
33 58
33 62
33 64
33 66
33 70
33 72
33 73
33 74
33 86
33 89
33 91
33 98
33 99
34 2
34 5
34 8
34 10
34 11
34 14
34 18
34 22
34 24
34 31
34 33
34 41
34 44
34 45
34 46
34 57
34 58
34 60
34 61
34 64
34 65
34 71
34 72
34 77
34 78
34 80
34 81
34 82
34 92
34 93
34 94
34 96
35 0
35 4
35 5
35 8
35 17
35 20
35 24
35 36
35 38
35 42
35 43
35 44
35 54
35 67
35 69
35 70
35 75
35 78
35 79
35 80
35 81
35 88
35 91
35 93
36 4
36 11
36 12
36 15
36 17
36 19
36 20
36 24
36 27
36 28
36 29
36 32
36 35
36 37
36 39
36 41
36 44
36 52
36 54
36 56
36 57
36 59
36 64
36 68
36 74
36 76
36 79
36 86
36 87
36 92
37 1
37 8
37 12
37 20
37 38
37 44
37 46
37 50
37 55
37 65
37 67
37 68
37 77
37 79
37 86
37 89
37 91
37 95
37 99
38 6
38 7
38 15
38 22
38 25
38 27
38 30
38 32
38 35
38 41
38 42
38 43
38 52
38 57
38 65
38 68
38 71
38 73
38 74
38 75
38 78
38 83
38 88
38 91
38 98
39 2
39 6
39 11
39 13
39 16
39 20
39 24
39 26
39 28
39 36
39 38
39 46
39 51
39 53
39 56
39 65
39 68
39 69
39 73
39 83
39 86
39 88
39 94
39 95
39 99
40 5
40 10
40 11
40 12
40 16
40 18
40 20
40 28
40 38
40 44
40 46
40 53
40 59
40 70
40 71
40 72
40 76
40 78
40 79
40 89
40 92
40 93
40 96
41 1
41 2
41 18
41 26
41 28
41 35
41 39
41 40
41 42
41 47
41 59
41 61
41 66
41 69
41 71
41 77
41 79
41 84
41 85
41 86
41 88
41 96
42 5
42 8
42 11
42 12
42 14
42 16
42 18
42 34
42 46
42 49
42 57
42 60
42 64
42 72
42 73
42 75
42 76
42 77
42 82
42 85
42 86
42 88
42 94
42 99
43 1
43 3
43 9
43 22
43 25
43 26
43 27
43 28
43 29
43 30
43 32
43 34
43 37
43 45
43 50
43 51
43 52
43 56
43 58
43 62
43 66
43 70
43 71
43 73
43 75
43 77
43 78
43 80
43 84
43 86
43 94
43 95
43 96
43 98
44 5
44 6
44 24
44 28
44 31
44 32
44 35
44 38
44 48
44 49
44 51
44 60
44 63
44 71
44 73
44 74
44 76
44 79
44 80
44 82
44 84
44 88
44 94
45 0
45 4
45 6
45 7
45 10
45 13
45 19
45 20
45 23
45 25
45 35
45 38
45 40
45 44
45 46
45 48
45 53
45 57
45 62
45 64
45 65
45 72
45 77
45 88
45 90
46 4
46 6
46 18
46 19
46 24
46 27
46 45
46 50
46 53
46 56
46 61
46 63
46 65
46 66
46 72
46 74
46 76
46 77
46 79
46 84
46 85
46 87
46 92
46 93
47 0
47 10
47 23
47 28
47 33
47 35
47 40
47 46
47 49
47 51
47 52
47 55
47 62
47 63
47 64
47 75
47 77
47 79
47 83
47 89
47 92
47 93
47 96
48 3
48 6
48 7
48 13
48 17
48 24
48 28
48 30
48 32
48 33
48 34
48 37
48 41
48 48
48 50
48 54
48 58
48 64
48 66
48 70
48 72
48 73
48 80
48 89
48 94
48 95
48 96
48 99
49 0
49 1
49 5
49 7
49 9
49 14
49 16
49 17
49 19
49 25
49 26
49 29
49 34
49 35
49 39
49 43
49 45
49 53
49 54
49 71
49 73
49 79
49 81
49 83
49 93
49 99
50 2
50 13
50 15
50 18
50 20
50 22
50 31
50 38
50 68
50 69
50 73
50 83
50 85
50 90
50 92
51 2
51 3
51 4
51 10
51 11
51 15
51 16
51 21
51 33
51 38
51 51
51 65
51 77
51 83
51 89
51 94
51 96
51 99
52 2
52 5
52 7
52 13
52 20
52 25
52 27
52 29
52 30
52 42
52 43
52 45
52 48
52 50
52 51
52 52
52 53
52 62
52 66
52 69
52 76
52 84
52 85
52 91
52 93
52 96
53 3
53 4
53 6
53 8
53 13
53 14
53 16
53 23
53 25
53 27
53 33
53 34
53 38
53 40
53 41
53 42
53 45
53 47
53 48
53 49
53 52
53 55
53 57
53 61
53 64
53 69
53 70
53 73
53 77
53 84
53 85
53 94
53 97
53 98
53 99
54 10
54 11
54 12
54 15
54 17
54 20
54 24
54 31
54 33
54 34
54 36
54 44
54 46
54 50
54 52
54 53
54 57
54 68
54 73
54 77
54 78
54 86
54 90
54 98
55 1
55 4
55 5
55 7
55 8
55 9
55 11
55 13
55 16
55 22
55 26
55 29
55 41
55 45
55 50
55 58
55 60
55 63
55 71
55 78
55 79
55 81
55 87
55 93
56 12
56 16
56 26
56 27
56 29
56 31
56 40
56 42
56 43
56 45
56 46
56 55
56 58
56 66
56 68
56 76
56 78
56 87
56 93
56 95
56 96
57 3
57 6
57 9
57 15
57 16
57 22
57 25
57 28
57 29
57 32
57 33
57 35
57 39
57 40
57 48
57 55
57 58
57 64
57 65
57 66
57 68
57 74
57 76
57 83
57 84
57 85
57 91
57 94
57 99
58 0
58 12
58 13
58 15
58 19
58 24
58 27
58 30
58 34
58 36
58 37
58 38
58 39
58 41
58 46
58 48
58 50
58 51
58 76
58 78
58 79
58 80
58 82
58 85
58 95
58 97
59 6
59 7
59 9
59 13
59 19
59 21
59 22
59 25
59 27
59 28
59 29
59 30
59 37
59 59
59 61
59 63
59 67
59 69
59 71
59 73
59 78
59 88
59 89
59 95
60 0
60 4
60 9
60 20
60 22
60 25
60 26
60 28
60 29
60 38
60 44
60 47
60 57
60 66
60 80
60 82
60 83
60 87
60 89
60 91
60 93
60 96
60 98
61 3
61 7
61 11
61 12
61 16
61 21
61 23
61 26
61 30
61 31
61 45
61 46
61 59
61 60
61 70
61 73
61 74
61 78
61 81
61 85
61 88
61 95
61 96
62 16
62 19
62 21
62 30
62 31
62 32
62 33
62 43
62 44
62 46
62 53
62 55
62 57
62 59
62 60
62 64
62 68
62 71
62 75
62 77
62 81
62 94
63 1
63 4
63 6
63 13
63 19
63 21
63 23
63 27
63 29
63 32
63 33
63 38
63 39
63 42
63 43
63 45
63 58
63 59
63 66
63 74
63 75
63 80
63 81
64 1
64 2
64 18
64 20
64 21
64 22
64 28
64 35
64 44
64 47
64 48
64 53
64 63
64 72
64 74
64 75
64 83
64 84
64 88
64 97
65 5
65 6
65 10
65 11
65 15
65 24
65 32
65 33
65 34
65 38
65 42
65 43
65 45
65 46
65 53
65 65
65 68
65 70
65 72
65 75
65 79
65 87
65 88
65 89
65 93
65 96
65 98
66 2
66 8
66 9
66 11
66 17
66 21
66 23
66 27
66 40
66 53
66 59
66 65
66 66
66 71
66 74
66 76
66 81
66 84
66 86
66 89
66 92
66 95
66 97
66 99
67 0
67 3
67 9
67 25
67 27
67 29
67 35
67 38
67 39
67 45
67 50
67 57
67 65
67 70
67 71
67 72
67 74
67 75
67 76
67 84
67 87
67 88
67 92
67 94
67 96
67 97
67 99
68 7
68 21
68 24
68 33
68 35
68 36
68 38
68 40
68 41
68 44
68 50
68 60
68 63
68 64
68 65
68 66
68 67
68 68
68 70
68 71
68 76
68 77
68 80
68 81
68 82
68 87
68 92
68 93
68 94
68 98
68 99
69 2
69 3
69 9
69 15
69 20
69 26
69 28
69 29
69 40
69 41
69 42
69 54
69 62
69 66
69 69
69 71
69 74
69 80
69 83
69 86
69 94
69 95
70 10
70 28
70 34
70 37
70 38
70 40
70 49
70 54
70 67
70 69
70 70
70 74
70 75
70 77
70 82
70 83
70 85
70 89
70 90
70 97
70 98
71 2
71 7
71 9
71 18
71 21
71 22
71 46
71 47
71 51
71 52
71 53
71 58
71 59
71 62
71 63
71 65
71 79
71 85
71 90
71 95
71 98
72 2
72 5
72 8
72 11
72 17
72 20
72 21
72 23
72 26
72 46
72 47
72 52
72 63
72 67
72 68
72 69
72 71
72 73
72 85
72 86
72 90
72 92
72 93
72 99
73 0
73 1
73 3
73 6
73 26
73 31
73 32
73 35
73 47
73 48
73 50
73 52
73 58
73 61
73 67
73 70
73 71
73 74
73 78
73 80
73 84
73 89
73 97
73 98
74 0
74 3
74 13
74 14
74 16
74 20
74 21
74 25
74 29
74 31
74 41
74 46
74 47
74 51
74 61
74 63
74 66
74 67
74 72
74 74
74 83
74 84
74 90
74 93
74 95
74 97
74 99
75 8
75 9
75 21
75 23
75 25
75 29
75 31
75 32
75 36
75 46
75 50
75 54
75 59
75 60
75 62
75 67
75 69
75 72
75 74
75 79
75 83
75 85
75 88
75 91
75 92
75 95
76 0
76 1
76 2
76 3
76 5
76 20
76 21
76 24
76 37
76 40
76 43
76 52
76 53
76 55
76 63
76 64
76 66
76 69
76 71
76 74
76 75
76 76
76 77
76 79
76 81
76 82
76 92
76 99
77 7
77 8
77 18
77 25
77 27
77 33
77 36
77 42
77 47
77 51
77 53
77 56
77 58
77 60
77 61
77 71
77 75
77 80
77 93
77 97
77 99
78 4
78 9
78 13
78 16
78 18
78 19
78 21
78 22
78 25
78 33
78 37
78 38
78 39
78 44
78 45
78 47
78 49
78 51
78 56
78 57
78 59
78 64
78 69
78 83
78 84
78 86
78 88
78 95
78 97
78 98
79 0
79 1
79 13
79 16
79 23
79 25
79 31
79 40
79 41
79 42
79 44
79 45
79 48
79 49
79 52
79 59
79 62
79 70
79 71
79 73
79 75
79 78
79 82
79 83
79 87
79 88
79 91
79 92
79 93
80 12
80 15
80 16
80 21
80 32
80 37
80 42
80 50
80 68
80 70
80 77
80 79
80 80
80 82
80 83
80 92
81 2
81 4
81 5
81 13
81 15
81 17
81 20
81 23
81 26
81 28
81 32
81 36
81 46
81 49
81 53
81 58
81 63
81 65
81 67
81 76
81 83
81 84
81 91
81 94
81 96
82 3
82 6
82 8
82 9
82 14
82 16
82 18
82 20
82 25
82 26
82 29
82 35
82 36
82 37
82 39
82 41
82 44
82 45
82 50
82 55
82 57
82 60
82 61
82 70
82 71
82 73
82 88
82 90
82 95
82 96
83 1
83 2
83 11
83 12
83 13
83 18
83 19
83 20
83 23
83 25
83 26
83 32
83 37
83 45
83 48
83 53
83 54
83 61
83 65
83 66
83 67
83 70
83 75
83 83
83 86
83 90
83 92
83 99
84 5
84 6
84 7
84 10
84 13
84 21
84 24
84 29
84 32
84 33
84 39
84 49
84 52
84 63
84 67
84 77
84 81
84 86
84 87
84 94
85 1
85 2
85 17
85 21
85 24
85 25
85 32
85 34
85 38
85 42
85 49
85 50
85 52
85 54
85 63
85 67
85 68
85 74
85 82
85 83
85 87
85 93
86 4
86 8
86 13
86 20
86 22
86 25
86 30
86 36
86 37
86 40
86 54
86 62
86 65
86 76
86 77
86 83
86 84
87 2
87 4
87 6
87 13
87 16
87 17
87 18
87 25
87 34
87 40
87 41
87 44
87 53
87 54
87 55
87 59
87 63
87 64
87 65
87 71
87 74
87 79
87 82
87 86
87 90
87 93
87 97
88 2
88 3
88 4
88 13
88 16
88 18
88 20
88 26
88 28
88 29
88 38
88 39
88 44
88 45
88 50
88 56
88 57
88 58
88 59
88 62
88 65
88 69
88 72
88 75
88 78
88 86
88 88
88 89
88 95
88 99
89 1
89 7
89 8
89 13
89 16
89 24
89 31
89 32
89 33
89 36
89 37
89 42
89 45
89 53
89 54
89 55
89 59
89 60
89 62
89 64
89 73
89 74
89 76
89 78
89 79
89 80
89 87
89 97
90 4
90 8
90 9
90 11
90 22
90 27
90 30
90 37
90 43
90 45
90 46
90 47
90 48
90 51
90 52
90 53
90 54
90 58
90 59
90 60
90 67
90 71
90 74
90 80
90 82
90 83
90 86
90 90
90 91
90 92
91 2
91 8
91 10
91 11
91 13
91 14
91 15
91 24
91 27
91 29
91 36
91 39
91 40
91 49
91 51
91 52
91 57
91 59
91 64
91 67
91 68
91 69
91 77
91 78
91 82
91 85
91 94
91 95
92 4
92 5
92 15
92 22
92 26
92 28
92 29
92 31
92 34
92 37
92 38
92 41
92 43
92 47
92 49
92 50
92 54
92 59
92 64
92 66
92 69
92 73
92 76
92 77
92 81
92 83
92 96
93 17
93 20
93 28
93 29
93 35
93 45
93 47
93 50
93 57
93 64
93 74
93 78
93 81
93 82
93 85
93 86
93 89
93 96
93 98
94 1
94 2
94 3
94 10
94 11
94 24
94 26
94 28
94 29
94 38
94 42
94 43
94 48
94 49
94 52
94 63
94 64
94 66
94 70
94 74
94 82
94 84
94 91
94 94
94 99
95 1
95 8
95 11
95 13
95 15
95 18
95 20
95 21
95 22
95 33
95 39
95 43
95 49
95 53
95 55
95 56
95 60
95 62
95 64
95 69
95 72
95 75
95 85
95 87
95 90
95 95
96 2
96 5
96 10
96 11
96 14
96 18
96 21
96 24
96 30
96 32
96 36
96 46
96 52
96 56
96 57
96 60
96 62
96 65
96 69
96 71
96 72
96 74
96 77
96 90
96 91
96 92
96 98
97 7
97 8
97 11
97 14
97 15
97 17
97 22
97 25
97 33
97 46
97 47
97 50
97 52
97 54
97 55
97 56
97 60
97 61
97 62
97 63
97 65
97 66
97 73
97 77
97 79
97 82
97 84
97 85
97 88
97 90
97 91
97 93
97 95
97 97
97 99
98 13
98 15
98 20
98 24
98 28
98 29
98 31
98 32
98 38
98 39
98 43
98 44
98 51
98 55
98 56
98 57
98 60
98 68
98 70
98 72
98 73
98 75
98 87
98 90
98 92
98 96
98 97
99 6
99 7
99 23
99 24
99 29
99 37
99 39
99 42
99 44
99 55
99 72
99 75
99 79
99 81
99 84
99 86
99 92
54648
